135        0  389320487     0 10.00       cslu
135        0 1365555949     1 62.97       cslu
135        0 4759594357     2 61.17       cslu
135        0 1366450956     3 53.68       cslu
135        0 1365557123     4 53.32       cslu
135        0  389306383     5 57.56       cslu
135        0   59326961     6 53.54       cslu
135        0  389320495     7 54.83       cslu
135        0 4759604529     8 48.13       cslu
135        0 1606599787     9 47.76       cslu
135        0 4760236054    10 47.37       cslu
135        0 1455375552    11 47.33       cslu
135        0 1454517921    12 52.13       cslu
135        0 1455387008    13 48.61       cslu
135        0 7607422346    14 49.18       cslu
135        0 1607508296    15 45.20       cslu
135        0 1607528100    16 46.98       cslu
135        0 5689383598    17 44.92       cslu
135        0  434050902    18 44.43       cslu
135        0 5688808601    19 43.72       cslu
135        0 10051600334    20 39.90       cslu
8          0  415958652     0 10.00       cslu
8          0 2579660742     1 115.50       cslu
8          0 2579660906     2 141.35       cslu
8          0 4619787693     3 128.14       cslu
8          0 4619788825     4 131.29       cslu
8          0 5250031697     5 128.34       cslu
8          0 8040025822     6 128.02       cslu
8          0 1306850114     7 123.78       cslu
8          0 6193265393     8 121.54       cslu
8          0 4778522253     9 120.80       cslu
8          0 6017338383    10 108.50       cslu
8          0 10125352554    11 105.40       cslu
8          0 4952940070    12 104.25       cslu
8          0 6193266919    13 98.27       cslu
8          0  471141027    14 93.22       cslu
8          0 5338891677    15 97.26       cslu
8          0  108586683    16 90.90       cslu
8          0 5338891113    17 86.68       cslu
8          0 4734231842    18 84.72       cslu
8          0 4981209783    19 79.61       cslu
8          0 9186319976    20 77.41       cslu
103        0 5833500938     0 10.00       cslu
103        0 6275635642     1 98.18       cslu
103        0 5348405624     2 105.43       cslu
103        0 4981166153     3 99.20       cslu
103        0  317028989     4 98.46       cslu
103        0 5347965765     5 99.29       cslu
103        0 6346137193     6 98.55       cslu
103        0 8742504797     7 90.48       cslu
103        0 4820185603     8 89.87       cslu
103        0 5833483886     9 80.74       cslu
103        0 5832933873    10 85.64       cslu
103        0 5832937251    11 83.64       cslu
103        0 2387443323    12 80.84       cslu
103        0  317028988    13 80.65       cslu
103        0 4613588640    14 77.65       cslu
103        0 7673769146    15 75.60       cslu
103        0 5134407561    16 68.88       cslu
103        0  390635249    17 68.37       cslu
103        0  390634628    18 66.47       cslu
103        0  304403018    19 65.98       cslu
103        0  104620043    20 63.60       cslu
82         0   35491376     0 10.00       cslu
82         0 5048530995     1 90.57       cslu
82         0 8169136552     2 102.61       cslu
82         0   31737946     3 93.75       cslu
82         0 5048531933     4 90.81       cslu
82         0 4703417525     5 90.91       cslu
82         0 5049155034     6 83.29       cslu
82         0 5049150402     7 82.39       cslu
82         0 4066327098     8 82.74       cslu
82         0 11635209536     9 80.50       cslu
82         0 4317709200    10 78.74       cslu
82         0 4703418047    11 78.73       cslu
82         0 4065587667    12 78.11       cslu
82         0 11635224996    13 77.70       cslu
82         0 8169104943    14 77.64       cslu
82         0 5049149518    15 75.70       cslu
82         0 11634483015    16 75.13       cslu
82         0 12292082476    17 72.68       cslu
82         0 8879001679    18 72.19       cslu
82         0 5398382217    19 69.69       cslu
82         0 3189286294    20 74.16       cslu
152        0 7031538223     0 10.00       cslu
152        0 6889134474     1 98.32       cslu
152        0 5387265768     2 120.84       cslu
152        0 7031587721     3 113.24       cslu
152        0 6889134486     4 116.20       cslu
152        0 6885504634     5 98.02       cslu
152        0 2222240700     6 97.39       cslu
152        0 8373731208     7 96.97       cslu
152        0  126251105     8 97.02       cslu
152        0 2294080687     9 96.39       cslu
152        0  562228173    10 96.00       cslu
152        0 2294095439    11 95.12       cslu
152        0 6885504654    12 93.25       cslu
152        0 3745956853    13 92.25       cslu
152        0  875630079    14 90.97       cslu
152        0 3746694994    15 89.66       cslu
152        0  875575635    16 84.28       cslu
152        0 5387269400    17 79.91       cslu
152        0 5387268020    18 83.44       cslu
152        0 5387279272    19 70.58       cslu
152        0 2294898968    20 69.17       cslu
96         0 1599839666     0 10.00       cslu
96         0 8215158386     1 102.51       cslu
96         0 4542578213     2 143.18       cslu
96         0 4542577073     3 142.49       cslu
96         0 4542575141     4 138.52       cslu
96         0 4542589397     5 131.05       cslu
96         0  591571451     6 125.36       cslu
96         0 3406895120     7 123.75       cslu
96         0 4542576763     8 122.37       cslu
96         0 4542586355     9 122.71       cslu
96         0 8214061327    10 118.25       cslu
96         0  501801542    11 113.51       cslu
96         0 8501774541    12 117.34       cslu
96         0 5517582845    13 111.04       cslu
96         0 4543221822    14 110.24       cslu
96         0 4543208502    15 110.41       cslu
96         0 8214072651    16 107.17       cslu
96         0 8215147668    17 102.36       cslu
96         0 8355774745    18 100.92       cslu
96         0  501801660    19 100.31       cslu
96         0  116834378    20 99.79       cslu
61         0 9600070061     0 10.00       cslu
61         0 8571211029     1 94.51       cslu
61         0 8685830616     2 110.91       cslu
61         0 8688845328     3 108.14       cslu
61         0 6883511181     4 96.98       cslu
61         0 6883532571     5 95.89       cslu
61         0 8572305510     6 94.93       cslu
61         0 8206056286     7 89.91       cslu
61         0 5161959200     8 89.78       cslu
61         0 9194516100     9 88.12       cslu
61         0 8571211057    10 84.65       cslu
61         0 4225100514    11 81.75       cslu
61         0 4224325045    12 85.35       cslu
61         0 4225098322    13 82.82       cslu
61         0 4225088444    14 82.61       cslu
61         0 2879425223    15 79.25       cslu
61         0 10250510253    16 81.35       cslu
61         0 7738438702    17 81.66       cslu
61         0 1942138227    18 81.30       cslu
61         0 7738434908    19 77.83       cslu
61         0 5163702771    20 77.38       cslu
69         0 6975537019     0 10.00       cslu
69         0  446059662     1 91.30       cslu
69         0 5850745640     2 105.67       cslu
69         0 5879501325     3 104.02       cslu
69         0 5879494739     4 112.49       cslu
69         0 5879507115     5 107.94       cslu
69         0 11655149155     6 102.91       cslu
69         0 4963540157     7 101.97       cslu
69         0 5850749440     8 101.16       cslu
69         0 11655955256     9 100.42       cslu
69         0 4238803667    10 98.44       cslu
69         0 5850747520    11 97.84       cslu
69         0  446056046    12 91.76       cslu
69         0 5850746410    13 91.67       cslu
69         0 9293728926    14 90.02       cslu
69         0 9290954585    15 89.80       cslu
69         0 2796587371    16 89.10       cslu
69         0 9293737788    17 89.01       cslu
69         0 5850746762    18 88.62       cslu
69         0 2558849760    19 87.27       cslu
69         0  446064779    20 86.81       cslu
116        0 7546637896     0 10.00       cslu
116        0 6252876868     1 82.19       cslu
116        0 6231974571     2 83.42       cslu
116        0 2353343207     3 81.11       cslu
116        0 6315865500     4 72.79       cslu
116        0 3667825389     5 67.70       cslu
116        0 6315356011     6 70.17       cslu
116        0 6232070283     7 62.78       cslu
116        0 3811720813     8 59.50       cslu
116        0 3370080052     9 60.89       cslu
116        0 3208429035    10 60.77       cslu
116        0  270950469    11 57.68       cslu
116        0 4533531388    12 57.11       cslu
116        0 2896599741    13 56.60       cslu
116        0 5946034087    14 55.92       cslu
116        0 3370084400    15 54.32       cslu
116        0 2353340289    16 52.23       cslu
116        0 3943381462    17 51.10       cslu
116        0 3943381788    18 55.64       cslu
116        0 9734454477    19 55.17       cslu
116        0 2354169914    20 50.36       cslu
148        0 11233475715     0 10.00       cslu
148        0 12309289193     1 111.46       cslu
148        0 12309724426     2 104.50       cslu
148        0 8725450389     3 105.21       cslu
148        0 12309141355     4 107.87       cslu
148        0 12309581614     5 104.34       cslu
148        0 7163032069     6 102.16       cslu
148        0 9092411529     7 108.49       cslu
148        0 2954332332     8 109.20       cslu
148        0 8806845873     9 106.01       cslu
148        0 8663426942    10 98.69       cslu
148        0 8806864087    11 95.10       cslu
148        0 7348242188    12 95.46       cslu
148        0 12309303423    13 93.20       cslu
148        0 12309244414    14 91.43       cslu
148        0 2953481215    15 91.30       cslu
148        0 2953480241    16 87.74       cslu
148        0 8806847773    17 82.78       cslu
148        0 7967166360    18 80.59       cslu
148        0 9094606944    19 79.91       cslu
148        0 11449156753    20 78.79       cslu
133        0 3389011674     0 10.00       cslu
133        0 2404888612     1 98.59       cslu
133        0  917722460     2 112.53       cslu
133        0  917722710     3 114.96       cslu
133        0 4360524965     4 102.72       cslu
133        0 6813537836     5 97.35       cslu
133        0 7641558754     6 90.63       cslu
133        0 7641679774     7 88.07       cslu
133        0 6058267766     8 87.22       cslu
133        0 6297496278     9 85.08       cslu
133        0  262969220    10 84.24       cslu
133        0 3294657966    11 82.84       cslu
133        0 2404104049    12 76.32       cslu
133        0 5875853350    13 76.11       cslu
133        0 2404084901    14 73.29       cslu
133        0  369030974    15 71.27       cslu
133        0 2697001149    16 72.07       cslu
133        0 10862408075    17 66.93       cslu
133        0  369031131    18 66.10       cslu
133        0 12316071073    19 65.65       cslu
133        0 11184165056    20 64.85       cslu
153        0 4191123587     0 10.00       cslu
153        0 8218646020     1 115.24       cslu
153        0 6055349403     2 128.67       cslu
153        0 3996505208     3 127.78       cslu
153        0 6055898172     4 132.71       cslu
153        0 6055350649     5 121.52       cslu
153        0 6055362529     6 119.23       cslu
153        0 3648700008     7 112.68       cslu
153        0 3935743941     8 114.01       cslu
153        0 9716467326     9 111.59       cslu
153        0  167136910    10 108.18       cslu
153        0 4616843548    11 105.27       cslu
153        0 2551643977    12 104.19       cslu
153        0 3647898065    13 103.58       cslu
153        0 3534863232    14 103.31       cslu
153        0 9716466536    15 98.88       cslu
153        0 6055912482    16 96.73       cslu
153        0 2551642305    17 91.01       cslu
153        0 5919290284    18 89.74       cslu
153        0 6055363837    19 89.30       cslu
153        0 8217556117    20 87.04       cslu
14         0 2972884059     0 10.00       cslu
14         0 3422943551     1 101.65       cslu
14         0 3434847955     2 126.79       cslu
14         0 6971258817     3 112.98       cslu
14         0 5058427508     4 109.90       cslu
14         0 7783922020     5 106.08       cslu
14         0 6829110588     6 104.52       cslu
14         0 2973556560     7 100.22       cslu
14         0 5062923419     8 97.77       cslu
14         0 6829082886     9 98.29       cslu
14         0 6971269095    10 90.72       cslu
14         0 9690524424    11 86.66       cslu
14         0   59041104    12 86.90       cslu
14         0 5637182266    13 84.77       cslu
14         0 6825144990    14 83.58       cslu
14         0 7294661128    15 83.34       cslu
14         0 6971262567    16 83.17       cslu
14         0 7076937419    17 82.56       cslu
14         0 9690526818    18 81.68       cslu
14         0 4574104082    19 80.12       cslu
14         0 3863621498    20 76.20       cslu
72         0  104691949     0 10.00       cslu
72         0 1819713878     1 87.90       cslu
72         0 1819719242     2 129.08       cslu
72         0 3278508643     3 91.43       cslu
72         0 1097292298     4 81.76       cslu
72         0 2163486404     5 82.23       cslu
72         0 2163281246     6 82.63       cslu
72         0 2534982680     7 72.69       cslu
72         0 1097302408     8 79.54       cslu
72         0 2480940058     9 67.72       cslu
72         0 2534679447    10 66.67       cslu
72         0 2480986696    11 65.22       cslu
72         0 1819731832    12 62.86       cslu
72         0 2162675799    13 61.34       cslu
72         0 4923280197    14 61.26       cslu
72         0 2163436308    15 61.17       cslu
72         0  104693047    16 58.51       cslu
72         0  104691900    17 58.21       cslu
72         0  104692013    18 56.50       cslu
72         0 2534774702    19 56.16       cslu
72         0 5414660009    20 54.19       cslu
100        0 4930259718     0 10.00       cslu
100        0 4739481073     1 101.62       cslu
100        0 4739474487     2 108.57       cslu
100        0  333528182     3 102.11       cslu
100        0 4739580713     4 98.26       cslu
100        0  333569619     5 95.67       cslu
100        0 5332954938     6 97.87       cslu
100        0  271273459     7 85.18       cslu
100        0  333569761     8 81.19       cslu
100        0 4442225566     9 78.82       cslu
100        0 4479461995    10 86.04       cslu
100        0 4740821463    11 74.91       cslu
100        0 4474995808    12 73.68       cslu
100        0 4739427003    13 72.66       cslu
100        0 4471413959    14 70.87       cslu
100        0 4740027754    15 69.53       cslu
100        0  271326255    16 68.79       cslu
100        0 4929677451    17 68.63       cslu
100        0  333528027    18 68.37       cslu
100        0  333528303    19 67.32       cslu
100        0 4929663427    20 63.66       cslu
6          0  416554563     0 10.00       cslu
6          0 4166176889     1 100.04       cslu
6          0 3274154055     2 126.99       cslu
6          0 5258178285     3 111.28       cslu
6          0 4132502983     4 100.06       cslu
6          0 5258788846     5 79.15       cslu
6          0 4263243247     6 78.13       cslu
6          0 4263387515     7 77.96       cslu
6          0  416555138     8 77.28       cslu
6          0 4554231549     9 70.83       cslu
6          0 8020714043    10 69.23       cslu
6          0 6099517784    11 68.82       cslu
6          0 5051515825    12 69.31       cslu
6          0 8020727307    13 65.16       cslu
6          0 8020721629    14 65.31       cslu
6          0 4554246069    15 64.81       cslu
6          0 3274154165    16 63.01       cslu
6          0 3274153589    17 61.40       cslu
6          0 8396184702    18 60.90       cslu
6          0 4805998074    19 59.55       cslu
6          0 5052128624    20 59.34       cslu
