135        0  389320487     0 10.00       cslu
135        0  389306383     1 185.51       cslu
135        0 1607528100     2 472.13       cslu
135        0 5689383598     3 503.90       cslu
135        0 1607508296     4 581.60       cslu
135        0 10051600334     5 576.01       cslu
135        0 1365557123     6 418.07       cslu
135        0  389320495     7 446.47       cslu
135        0 1365555949     8 425.19       cslu
135        0 4759594357     9 573.02       cslu
135        0 1606599787    10 392.18       cslu
135        0 4759604529    11 361.53       cslu
135        0 4760236054    12 381.87       cslu
135        0 7607422346    13 359.19       cslu
135        0  389306366    14 355.44       cslu
135        0 1366450956    15 351.83       cslu
135        0 1607598884    16 208.88       cslu
135        0 10051669506    17 220.89       cslu
135        0   18336546    18 289.14       cslu
135        0 4440281142    19 186.23       cslu
135        0 4440273602    20 253.90       cslu
8          0  415958652     0 10.00       cslu
103        0 5833500938     0 10.00       cslu
82         0   35491376     0 10.00       cslu
152        0 7031538223     0 10.00       cslu
96         0 1599839666     0 10.00       cslu
96         0 1599775964     1 673.93       cslu
96         0 4543221234     2 793.52       cslu
96         0 4542578213     3 1395.39       cslu
96         0 4542577073     4 1876.19       cslu
96         0 4542575141     5 1837.54       cslu
96         0 4542589397     6 1694.17       cslu
96         0 4542576763     7 1623.04       cslu
96         0 4542586355     8 1714.90       cslu
96         0 3406895120     9 1584.79       cslu
96         0 4543221822    10 1537.81       cslu
96         0 4543208502    11 1574.25       cslu
96         0  591571451    12 1519.30       cslu
96         0 8215158386    13 1486.10       cslu
96         0 8214061327    14 1480.29       cslu
96         0 8214072651    15 1354.70       cslu
96         0 8215147668    16 1362.30       cslu
96         0 7498965524    17 1331.19       cslu
96         0  600570062    18 1206.71       cslu
96         0 9716166494    19 1206.56       cslu
96         0 4543209636    20 1174.68       cslu
61         0 9600070061     0 10.00       cslu
69         0 6975537019     0 10.00       cslu
69         0 6829409762     1 700.79       cslu
69         0 2796587371     2 764.11       cslu
69         0 5850745640     3 1186.68       cslu
69         0 4963540157     4 1302.85       cslu
69         0 5850747520     5 1284.65       cslu
69         0 5850749440     6 1279.70       cslu
69         0 5850746762     7 1243.16       cslu
69         0 5850746410     8 1195.51       cslu
69         0 4238803667     9 1171.43       cslu
69         0 5850199663    10 1088.86       cslu
69         0 5850745252    11 778.57       cslu
69         0 5879501325    12 631.84       cslu
69         0 5879494739    13 1583.74       cslu
69         0 5879507115    14 1472.20       cslu
69         0 11655149155    15 1410.09       cslu
69         0 11655117155    16 1103.57       cslu
69         0 11655488594    17 1009.46       cslu
69         0 11655876316    18 1057.71       cslu
69         0 5094029017    19 1052.16       cslu
69         0 11655955256    20 890.30       cslu
116        0 7546637896     0 10.00       cslu
148        0 11233475715     0 10.00       cslu
133        0 3389011674     0 10.00       cslu
133        0 6761284265     1 401.72       cslu
133        0  262969220     2 503.69       cslu
133        0 6297496278     3 1111.45       cslu
133        0  369031131     4 804.99       cslu
133        0 9670578515     5 609.51       cslu
133        0  969093404     6 632.54       cslu
133        0 9670579711     7 610.61       cslu
133        0 12316071073     8 602.92       cslu
133        0 9480512403     9 568.59       cslu
133        0 9304860236    10 613.37       cslu
133        0 9304876572    11 638.89       cslu
133        0 9480516807    12 787.63       cslu
133        0 9304856082    13 637.10       cslu
133        0 9483288004    14 776.47       cslu
133        0 9480511969    15 633.64       cslu
133        0 12316352404    16 617.94       cslu
133        0 6959652267    17 568.93       cslu
133        0 8592681737    18 552.28       cslu
133        0 5668037632    19 567.41       cslu
133        0 9302079081    20 551.50       cslu
153        0 4191123587     0 10.00       cslu
14         0 2972884059     0 10.00       cslu
72         0  104691949     0 10.00       cslu
72         0  104693047     1 105.08       cslu
72         0 2163281246     2 1097.53       cslu
72         0 1819713878     3 1124.04       cslu
72         0 1819719242     4 1699.79       cslu
72         0 3278508643     5 1139.44       cslu
72         0 2163486404     6 1069.79       cslu
72         0 1097292298     7 1016.74       cslu
72         0 1819731832     8 954.33       cslu
72         0 5414660009     9 940.92       cslu
72         0 2534982680    10 930.08       cslu
72         0 2534679447    11 940.01       cslu
72         0 1097302408    12 1018.33       cslu
72         0 2162675799    13 923.65       cslu
72         0 2163436308    14 901.45       cslu
72         0 2534774702    15 958.64       cslu
72         0 5378833184    16 938.63       cslu
72         0 2162603995    17 970.15       cslu
72         0 5378833738    18 911.72       cslu
72         0 2480986696    19 850.86       cslu
72         0 2482975094    20 830.27       cslu
100        0 4930259718     0 10.00       cslu
6          0  416554563     0 10.00       cslu
6          0  416544721     1 285.80       cslu
6          0  416544501     2 377.26       cslu
6          0 4548003318     3 301.46       cslu
6          0 4554231549     4 294.63       cslu
6          0  416555138     5 901.01       cslu
6          0 4554246069     6 738.34       cslu
6          0 4166176889     7 758.15       cslu
6          0 5258178285     8 1338.92       cslu
6          0 3274154055     9 1032.80       cslu
6          0 4263243247    10 1102.17       cslu
6          0 3274154165    11 1099.80       cslu
6          0 3274153053    12 888.07       cslu
6          0 4166934588    13 858.64       cslu
6          0 4025944623    14 854.61       cslu
6          0 5258788846    15 844.90       cslu
6          0 5258787944    16 832.37       cslu
6          0 3274153589    17 826.70       cslu
6          0 5051515825    18 888.29       cslu
6          0 8020721629    19 1092.44       cslu
6          0 8020727307    20 1102.41       cslu
